7898039562551
7896007550463
7896061980466
7896061980039
7891010245085
7891010245597
7891010245092
7898959957215
7898959957543
7891800647341
7891010254155
7896048605085
7893454300115
7898596082783
7896227680100
7896235354345
7891010251055
7891010253066
7896902213449
7896902213463
3282779003131
78909830
7898652371929
7908007904273
7896044700678
7898924640951
7891800649321
7891800627985
7891800617320
7891800002034
7891800002829
7891800805543
7891899085079
7891899085062
7891010258429
7896104991886
7891060773125
7896026173018
7506309889368
7896902214842
70330717510
70330717527
70330717565
7501843503367
7500435219334
7702018037803
70330731745
7500435172578
7500435204002
7898639690975
7898639690388
7898639692948
7891104193087
7891025107897
7891025112662
7898294071850
7897512902860
7898636190836
7898172860040
7898172860057
7898172860064
7898172860071
7898172860026
7898172860033
7898172860217
7908458303601
7896048606174
7896227690901
7899470805726
7897947610965
7898582292332
7899838832005
7908240514390
7908240514468
7898715810327
7894222021799
7894222021805
7894222021850
7894222039565
7908060118563
7899360245304
7898562369771
7896186002548
7891106912167
7891106908221
7891106915878
7891106908870
7891106913522
7897947615250
7896699001229
7896699019347
7894222029795
7894222029788
7896818206153
7896044997191
7896044997276
7896044997214
7896044997221
7898632476293
7898632475227
7898632475241
7898632475234
7898601065688
7896085111129
7896085111006
7896108560408
7897517934170
7897947612266
7896023700637
7897270124924
6956859679666
7702018382330
7500435248440
7500435225366
7898744270086
7898744270093
7898744270109
7794728001953
7794728001915
7908209801882
7891350036732
7898940257638
7899706182980
7896699016896
7896699029568
7896699029575
7896699021746
7896699021760
7908615000169
7908615000244
7898636190928
7898636190973
7898949409632
7898949409762
7898949409625
6927864212230
6927864212278
7896004721231
7896004711416
7899952324523
7899601710301
7899952324455
7896036124567
7897517926823
7898472253092
7897517913427
7898283810743
7898953484038
7898108640838
17898108640835
7891800203707
7898172862549
7898172862525
7898172869876
7899706170857
7898587774352
7897158725694
7897158718443
7896049502567
7896049502581
7896018750814
7891010601188
7899572805365
7500435209311
7500435232807
7500435125451
7500435106382
7908458306572
7908458326099
7898009431184
7908458324255
7908458324286
7898524349445
7898623959088
7291048018147
7898636193967
7896009498312
7896009498268
7896015528706
7896009498282
7896015526252
7896015591007
7908429314810
7899658376277
7897517906726
7897517906702
7500435173223
4005900328472
7908458328734
7908458326198
7897042012329
6920354824395
7509546671550
7891055538418
8718951539129
7506339363883
7500435130547
7500435150248
7896015527440
7509546667638
7891528029498
7896115701795
7794728013741
8002990292092
8002990292139
7898636191345
7898632472776
7898632473162
7898632475951
3401347869546
42360414
4005900408891
4005900950987
42389248
42360407
7898632475203
7896048610034
42277217
4005900704337
7896235354093
7908615059983
7908458321704
7908458322572
7896115700033
7898009437704
7908458316908
7908458317875
7896298102327
7896298100163
7891010695415
7891010247263
7896227630365
7891800644463
7891800540413
7891800341997
7896544925496
7891040126125
7896004816678
7896004816661
7897406119879
7896023736407
7908458306817
7898956068075
7897917000178
7898087340347
7898087340132
7899674039552
7899674033277
7899674027504
7899674039576
7899674039569
7899674022011
7899674040725
7899674040732
7899674042217
7891350032741
7891350032970
7891350037807
78930780
7500435140928
7896049528277
7896049528284
7896049528307
7896049501539
7896049501546
7896049501553
4005900036728
4005900105080
4005900707536
7791969016029
4005900633309
4005900396938
4006000010311
7791969029807
4005808257553
7500435249515
7500435186438
7500435249508
7500435135078
7500435249492
7500435135061
7500435241656
7791293032443
7891150055872
75058852
7896020160182
7896020161721
7891350033892
7896509975962
7896509976020
7896902208278
7896046714352
7896115702686
7898593052819
7898277714422
7898277713067
7896112147701
7891800662801
742832304719
7896004703398
7896714275499
7898430193958
7897917002677
7896331707557
7897517908898
7897517908928
7898582291502
7898014567380
7896714292885
7896714275475
7896714292878
7896714275468
7509546666990
7898185416388
7891010256050
7891010987770
7891010974312
7896026171236
7896026170505
7891066011580
7899620913059
7899620913066
7898185414865
7898244720265
7896094922167
7896094931473
7898719903063
7898959462382
7898959462061
7898959462054
7898923148601
7898959462016
7898923148724
7897517901882
7896114313142
7897517925512
7897517925642
7897517925536
7509546065465
7509546061689
7891024021590
7897517925529
7897517925505
7897517925499
7897517925482
7897517925734
7897517920173
7897517921026
7897517920845
7897517920784
7897517919948
7897517919931
7897517919900
7897517925406
7897517919924
7897517925321
7897517921057
7897517925833
7897517925635
7897517919917
7896699024082
7500435171083
7506339358247
3014260833176
7500435256353
3014260019723
7898585290090
7898585292476
7898940257287
7898585292483
7898940257089
840646005447
7898170984106
840646003467
7908169033644
7506306255678
7908209801769
7908209810464
7908209809734
7908209808720
7908209807600
7908209802537
7908209809758
7908209810204
7908209804548
7908209810242
7898588325287
7908209806245
7908209808379
7908209809857
7908209810501
7908209808683
7898588321852
7908209805149
7898588323771
7898582291564
7891182018814
7891182033541
7891182810203
7891182996303
7891350044720
7891350038378
7891350044874
7891350044683
7891350038385
7891182996600
7891182014779
7891350034295
7891350034363
7891182996501
7891182015882
7891182029742
7891350037005
7891350041101
7891350037104
7891182014601
7899674038869
7898567703440
7898938755054
7898938755061
7898938755078
7898938755047
7891800628425
7891800628401
7891800628418
7898639693334
7892306210107
7896818201806
7899527141425
7898715814233
7898506250059
7908169034177
7896094931183
7896094914223
7908169033613
7896902287174
7896902234093
7896112102441
7896023700118
7509546671536
7897517925093
7897517920036
7800005082222
7898940257430
7898940257577
7908512704382
7908512700841
7898585290601
7898938755108
7898938756044
7898938755092
7898938755085
7898938755009
7891800665543
7891800665512
7891800665529
7891800665536
7898108640968
7898108640982
7893300521169
7893300521084
7898040325206
7898040325169
7898593053526
7898593053557
7896685303290
7898593052895
7899572806621
7794728001588
7794728012539
7794728012553
7896061996986
7896061997389
7896061996887
7896061996368
7896061996351
7896061996375
7896061995460
7896061995477
7896061997259
7896007548422
7896007549641
7896007549665
7896007553075
7896104992036
7896104992029
7896104992012
7896104994047
7896104994054
7896104994030
7896104994023
7896104991800
7500435106672
7500435132602
7500435132619
7899700800811
7899700800804
7896770902612
7896331708974
7896862993665
7896862960254
7891350034868
7891350034844
7891350034851
7898567704959
7896085871115
7896235354383
7896235354369
609963220564
7899706190145
7896222720764
7896222720535
7896222720528
7891035990472
7896523221724
7896523210582
7896523207834
7896523206790
7896523214306
7896523201498
7896222717771
7894222022246
7908458326549
7908458321995
7896112410379
7896902217614
7898767760403
7897517931087
7898924640012
7898924640043
7896227620069
7891800350142
7898935462047
7897751903123
7897751903079
7897751903116
7897751903086
7898489520538
7898489520552
7898489511086
7898294071775
7898632473063
7898632473049
7898632473056
7898632472868
7896235354352
7896235354376
7896044996828
7896044954576
7898719041833
7898719041819
7897947617940
7897947617476
7897947619586
7897947601857
7897947620445
7908329705213
4005808850617
7891317037253
7896048600271
7896235354307
7898919412389
7896235354628
7898919412372
7896235354161
4005808309436
4005808335435
7891317024321
7896235354079
7896235354147
7896048606129
7898938756082
7898938756075
7891010253288
7896658000089
7891150028449
7891010249953
7896048610072
7908060116941
7898336431499
7899658393878
7908615029771
7897751902713
7898923148373
7898301059666
7896044900641
7896044900573
7896044900504
7896044900481
7896044900658
7898632476552
7898632476545
7896000722577
7898639300416
7896212205912
7891150099982
7891150101630
7897890300340
7897890300333
7897042016303
7897042018062
7891010253523
7898277712480
7899790912050
7898639691972
7908007903610
7894222040738
7894222040745
7894222040721
7908060116903
7908060115012
7898956068082
7899706149822
7894164008209
7896235353263
7896235353287
7896235353300
7894164005734
7896227680223
7794728004633
7898620011031
7891106915052
7896227690963
7896227672044
7894222029757
7896018700536
7896104991978
7896104993668
7896064490856
7500435145244
7898039565453
7898039561202
7898937345935
7897517920098
7898940257737
7899360237002
7899360245007
7898715812994
7908240522562
7899360251299
7899360249722
7896112407058
7896818216664
7897517907204
7897517903626
7897517932275
7897517931964
7896048610027
7898133137969
7898947170633
7898947170640
7898947170626
7896026170475
7896699025423
7896699017312
7896699017718
7896699017732
7898018651412
7897512900811
7899572810567
7899572813384
7500435142229
7908458321322
7908458326105
7898623951082
7908240509709
7908240507354
7908240507378
7897517937478
7908458318018
7894222022222
7898546008627
7898182804492
7898301056726
7896902210813
7896044600268
7899658403829
7896699018623
7896699018647
7908324407105
7898336430928
7896714293127
7898932370918
7898932370710
7898932370888
7898932370840
7898932370901
7898932370734
7898932370871
7896235354031
7896235354017
7896235354024
7898919411931
7896902211438
7896902211209
7896902217003
7896902211254
7896509973869
7896509973876
7908458321360
7908458322596
7908458326327
7908458321377
7908458326235
7896902287396
7896902211247
7896902210998
7898582291663
7898582290543
7898639690999
6932159610516
7896818202971
7898940257713
7897517919955
7896902209749
7896818202377
7898923148335
7898719900598
7896025500372
7898421990061
7896818203619
7898662430463
7896230300989
7897975062170
7897517907013
7897517917104
7897517916930
7899790908312
7899527131839
7898924343043
7900083010312
7894222039244
7898715810907
7898954526614
7897517919689
7896699015530
7896699015554
7898139870648
7896016808999
7896016808814
7891035990489
7891035990441
7896222720016
7891035991110
7896222720429
7896222720344
7896222717931
7896222718273
7896222716262
7896222717788
7899674017147
7899674042118
3282770388619
7899674032799
3282770207217
3282770207187
7891142205131
8429420293144
8429420230484
8429420264106
7908677401966
7898938756051
7897517937898
7896699011433
7896048600431
7896048606198
7896048605054
7896048606167
7896048608048
7896048600462
7896048600455
7891010253189
7891010250980
7891010591038
7891010591014
7891010249106
7891040081738
4005808956401
4005808555345
4005900207296
4006000097244
7891800644494
7898336430898
7891010020279
7891010244361
7896026172271
7896026172257
7896026172950
7898183731056
7898582292240
7896902209121
7896509973852
78945685
78940574
78940567
78945661
78940536
78940543
7899674028365
7898954526805
7894650013380
7894650940006
7894650009604
7894650005712
7894650010747
7896770909277
7896770980771
7898277711421
74468153417
630941057858
630941057865
7897751902584
7897751902317
7897751903512
7897751902300
7897751902362
7891150026025
7898632473025
7896048610010
7896048610003
7896044999928
7896044999911
7896044999942
7896044999904
7896044999959
7896044999935
7896512959829
7896512941947
7896049502413
7891350040791
7891150065291
7891150075405
7891150057487
7898632475395
7898632472578
7896512949417
7896512941923
7896512904621
7896512939593
7896512959928
7896227690871
7897947604384
7897947617773
7897947617568
7897947600843
7898550787761
7898550787266
7896112408994
7896018703704
7896685301395
7896235354673
7896235354666
4005900219626
7890704808131
7891024024003
7898632472677
7896235354000
7896235353973
7896235353980
4005808513550
7509546665818
7509546665801
7891033519286
7891033519279
7509546656670
7509546666006
7897042016266
4005900521897
4005900521934
4005900521910
4005900521972
4006000172866
4005900807861
7509546693873
7509546696126
7896002916356
7898976093194
74468153424
7898100243792
7891463000729
7891463001771
7898283815021
7898283815076
7898283815113
7898283815014
7898652375705
7898652375712
7842826100136
7898932116073
7842826030303
7842826030341
7842826050349
7897751903109
7898632475463
7898632472295
7899674027641
7899674027672
7891350039979
7891150075276
7891150060975
7891150019416
7908615082462
7899706187343
7899706170833
7899706244121
7500435248921
7500435242622
7506309865393
7500435187879
7500435187886
7501006707687
7501001133627
7896018750807
7891010256517
7891176117936
7891176117943
7899572805358
7899572802272
7896115705915
7898949409748
7908324408706
7908324405552
7908324406177
7891033522309
7501007457789
7500435209304
7500435125383
7500435232814
7897517928520
7898009437698
7908458306565
7898524349438
7291048018123
7898949409717
7898949409724
7896115705526
7896112410454
7896112410461
7896112410171
7898715810600
7896902289475
7896830000661
7896902212152
7896902212176
7896902212190
7908324407112
7899095200906
7899620911840
7899620911833
7891134004520
7891134011115
7891134003790
7896049524705
7896049524712
7702031244646
7702031244653
7896115703850
7896012800874
7896115700392
7896115700408
7898139873823
7898639690418
7898639694171
7908169038991
7899653781595
7898960950540
7898108641620
7898108640258
7898126050084
7898126050220
7898108641613
7896509973708
7896509975443
7896509976624
7896509976631
7896509976723
7896509976648
7896509976655
7896509976679
7896509976662
7896509976686
7896509976693
7896509976716
7891182016230
7891182016254
7891182016278
7891182016292
7891182016360
7891350041064
7891182016384
7891182016308
7896902218567
7898301056740
7898301059635
7908007901166
7896227680124
7898976093187
7897158700196
7897158702138
7897158700226
7897158722266
7899572802289
7898336438122
7898336438115
7897517903916
7898546005558
7896902214859
7896006204657
